4.6
4.64
4.82
4.92
5.06
5.16
5.3
5.36
5.44
5.5
5.56
5.62
5.64
5.72
5.84
5.9
5.94
6.02
6.06
6.12
6.12
6.12
6.12
6.14
6.26
6.26
6.34
6.46
6.48
6.5
6.5
6.54
6.54
6.56
6.56
6.56
6.56
6.58
6.58
6.58
6.58
6.6
6.6
6.6
6.62
6.62
6.64
6.64
6.64
6.64
6.64
6.68
6.68
6.68
6.7
6.72
6.72
6.72
6.74
6.76
6.76
6.82
6.82
6.82
6.9
6.92
7.02
7.08
7.12
7.12
7.12
7.12
7.12
7.12
7.12
7.22
7.26
7.26
7.3
7.3
7.38
7.38
7.42
7.42
7.42
7.46
7.5
7.52
7.52
7.52
7.6
7.6
7.6
7.6
7.6
7.62
7.62
7.62
7.62
7.62
7.62
7.62
7.62
7.68
7.68
7.68
7.68
7.74
7.74
7.74
7.74
7.74
7.74
7.74
7.74
7.8
7.8
7.8
7.8
7.84
7.84
7.92
7.92
7.92
7.94
7.96
7.96
7.96
7.98
8.06
8.06
8.06
8.06
8.08
8.08
8.18
8.18
8.18
8.18
8.18
8.18
8.18
8.18
8.18
8.18
8.18
8.18
8.18
8.22
8.24
8.26
8.34
8.36
8.36
8.36
8.38
8.38
8.38
8.42
8.42
8.44
8.44
8.44
8.44
8.44
8.46
8.46
8.46
8.48
8.5
8.5
8.52
8.56
8.56
8.56
8.56
8.58
8.58
8.58
8.6
8.6
8.6
8.68
8.7
8.72
8.72
8.74
8.74
8.78
8.78
8.78
8.9
8.94
8.98
8.98
8.98
9.0
9.0
9.0
9.0
9.0
9.02
9.02
9.02
9.04
9.14
9.24
9.24
9.24
9.24
9.24
9.24
9.28
9.28
9.32
9.32
9.32
9.38
9.4
9.4
9.4
9.4
9.46
9.48
9.48
9.5
9.54
9.54
9.56
9.56
9.56
9.56
9.56
9.56
9.58
9.58
9.58
9.6
9.62
9.62
9.62
9.62
9.62
9.62
9.62
9.62
9.62
9.62
9.62
9.62
9.62
9.64
9.64
9.64
9.66
9.66
9.68
9.7
9.76
9.78
9.78
9.78
9.78
9.78
9.78
9.8
9.82
9.82
9.82
9.84
9.86
9.86
9.86
9.88
9.9
9.9
9.9
9.9
9.9
9.9
9.9
9.92
9.92
9.92
9.92
9.92
9.92
9.92
9.92
9.94
9.94
9.94
9.94
9.98
9.98
9.98
9.98
9.98
9.98
9.98
9.98
10.0
10.0
10.0
10.0
10.0
10.04
10.04
10.04
10.04
10.08
10.08
10.08
10.08
10.08
10.08
10.08
10.08
10.08
10.1
10.1
10.1
10.1
10.1
10.1
10.1
10.1
10.1
10.1
10.14
10.14
10.14
10.14
10.16
10.16
10.16
10.16
10.16
10.16
10.16
10.18
10.22
10.22
10.22
10.22
10.22
10.22
10.22
10.22
10.28
10.28
10.28
10.28
10.3
10.3
10.3
10.3
10.3
10.3
10.36
10.36
10.36
10.38
10.38
10.38
10.38
10.38
10.38
10.38
10.38
10.38
10.38
10.38
10.38
10.38
10.38
10.38
10.38
10.38
10.38
10.38
10.38
10.38
10.38
10.44
10.44
10.44
10.44
10.44
10.44
10.44
10.44
10.44
10.44
10.44
10.44
10.44
10.44
10.44
10.44
10.44
10.44
10.44
10.44
10.44
10.46
10.46
10.46
10.46
10.46
10.46
10.48
10.48
10.48
10.52
10.52
10.52
10.52
10.52
10.56
10.58
10.58
10.58
10.58
10.58
10.58
10.58
10.58
10.58
10.6
10.62
10.66
10.66
10.7
10.7
10.7
10.7
10.7
10.7
10.7
10.7
10.7
10.7
10.7
10.7
10.7
10.7
10.7
10.7
10.7
10.7
10.7
10.7
10.7
10.7
10.7
10.7
10.7
10.7
10.7
10.7
10.7
10.7
10.7
10.7
10.7
10.72
10.72
10.72
10.72
10.72
10.72
10.72
10.72
10.72
10.72
10.72
10.72
10.72
10.72
10.72
10.72
10.72
10.72
10.72
10.72
10.72
10.72
10.72
10.72
10.72
10.72
10.72
10.72
10.72
10.72
10.72
10.72
10.72
10.72
10.72
10.72
10.72
10.72
10.72
10.72
10.72
10.72
10.72
10.72
10.72
10.72
10.72
10.72
10.72
10.72
10.72
10.72
10.72
10.72
10.72
10.72
10.72
10.74
10.78
10.78
10.78
10.78
10.78
10.78
10.8
10.8
10.8
10.8
10.8
10.8
10.8
10.8
10.8
10.8
10.8
10.8
10.8
10.8
10.8
10.8
10.8
10.8
10.8
10.82
10.84
10.84
10.84
10.84
10.84
10.84
10.84
10.84
10.86
10.88
10.88
10.88
10.88
10.88
10.88
10.88
10.88
10.88
10.88
10.88
10.88
10.88
10.92
10.92
10.92
10.92
10.92
10.92
10.92
10.92
10.92
10.92
10.92
10.92
10.92
10.92
10.94
10.94
10.94
10.94
10.94
10.94
10.94
10.94
10.94
10.94
10.94
10.94
10.94
10.94
10.94
10.94
10.94
10.96
10.96
10.96
11.0
11.0
11.0
11.0
11.0
11.0
11.02
11.02
11.02
11.02
11.06
11.06
11.06
11.06
11.06
11.06
11.06
11.06
11.06
11.06
11.06
11.06
11.06
11.06
11.06
11.06
11.06
11.06
11.06
11.06
11.06
11.06
11.06
11.08
11.08
11.08
11.1
11.1
11.12
11.12
11.14
11.14
11.14
11.14
11.14
11.14
11.14
11.14
11.14
11.14
11.14
11.14
11.14
11.14
11.14
11.14
11.14
11.14
11.14
11.14
11.14
11.14
11.14
11.14
11.14
11.14
11.14
11.14
11.14
11.14
11.14
11.14
11.14
11.14
11.14
11.14
11.14
11.14
11.14
11.14
11.14
11.14
11.14
11.14
11.14
11.14
11.14
11.14
11.14
11.16
11.16
11.16
11.16
11.16
11.16
11.16
11.16
11.16
11.16
11.18
11.18
11.18
11.18
11.18
11.18
11.18
11.18
11.18
11.18
11.18
11.18
11.18
11.18
11.18
11.2
11.2
11.2
11.2
11.2
11.2
11.22
11.22
11.22
11.22
11.22
11.22
11.22
11.22
11.22
11.22
11.22
11.22
11.22
11.22
11.22
11.22
11.22
11.22
11.22
11.22
11.22
11.22
11.22
11.22
11.22
11.3
11.3
11.3
11.3
11.3
11.3
11.3
11.3
11.3
11.3
11.3
11.3
11.3
11.3
11.3
11.3
11.3
11.3
11.3
11.3
11.3
11.3
11.3
11.3
11.3
11.3
11.3
11.3
11.3
11.32
11.32
11.32
11.32
11.32
11.32
11.34
11.34
11.34
11.34
11.34
11.36
11.36
11.36
11.36
11.38
11.38
11.38
11.38
11.38
11.4
11.4
11.4
11.4
11.4
11.4
11.4
11.4
11.4
11.4
11.4
11.4
11.4
11.4
11.4
11.4
11.4
11.4
11.4
11.4
11.4
11.4
11.4
11.4
11.4
11.4
11.4
11.4
11.4
11.4
11.4
11.4
11.4
11.4
11.4
11.4
11.4
11.4
11.4
11.4
11.4
11.4
11.4
11.4
11.4
11.4
11.4
11.4
11.4
11.4
11.4
11.4
11.4
11.4
11.4
11.42
11.42
11.42
11.42
11.42
11.42
11.42
11.42
11.42
11.42
11.42
11.42
11.42
11.42
11.42
11.42
11.42
11.42
11.42
11.42
11.42
11.42
11.42
11.42
11.42
11.42
11.42
11.42
11.42
11.42
11.42
11.42
11.42
11.42
11.42
11.42
11.42
11.42
11.42
11.42
11.42
11.42
11.42
11.42
11.42
11.42
11.42
11.42
11.42
11.42
11.42
11.42
11.42
11.42
11.42
11.42
11.42
11.44
11.48
11.48
11.48
11.5
11.52
11.52
11.52
11.52
11.52
11.52
11.52
11.52
11.52
11.52
11.52
11.52
11.52
11.52
11.52
11.52
11.52
11.52
11.52
11.52
11.52
11.52
11.52
11.52
11.52
11.52
11.52
11.52
11.52
11.52
11.52
11.54
11.54
11.54
11.54
11.54
11.54
11.54
11.54
11.54
11.54
11.54
11.54
11.54
11.54
11.54
11.54
11.54
11.54
11.54
11.54
11.54
11.54
11.54
11.54
11.54
11.54
11.54
11.54
11.54
11.54
11.54
11.54
11.54
11.54
11.54
11.56
11.56
11.56
11.56
11.56
11.56
11.56
11.58
11.58
11.58
11.58
11.58
11.58
11.58
11.58
11.58
11.6
11.6
11.6
11.6
11.6
11.6
11.6
11.6
11.6
11.6
11.6
11.6
11.6
11.6
11.6
11.6
11.6
11.6
11.66
11.66
11.68
11.68
11.68
11.68
11.68
11.68
11.68
11.68
11.7
11.7
11.7
11.74
11.74
11.74
11.74
11.74
11.74
11.74
11.74
11.74
11.74
11.74
11.74
11.74
11.74
11.74
11.74
11.74
11.74
11.74
11.74
11.74
11.74
11.74
11.76
11.76
11.76
11.76
11.76
11.76
11.76
11.76
11.76
11.76
11.76
11.76
11.76
11.76
11.76
11.76
11.76
11.76
11.76
11.76
11.76
11.76
11.76
11.76
11.78
11.78
11.78
11.78
11.78
11.78
11.78
11.78
11.78
11.78
11.78
11.78
11.78
11.78
11.78
11.78
11.78
11.78
11.78
11.78
11.78
11.78
11.78
11.78
11.78
11.78
11.78
11.78
11.78
11.82
11.82
11.82
11.82
11.82
11.82
11.82
11.82
11.82
11.82
11.82
11.82
11.82
11.82
11.82
11.82
11.82
11.82
11.82
11.82
11.82
11.82
11.82
11.82
11.82
11.82
11.82
11.82
11.82
11.82
11.82
11.82
11.82
11.82
11.82
11.82
11.82
11.82
11.82
11.82
11.82
11.82
11.82
11.82
11.82
11.82
11.82
11.82
11.82
11.82
11.82
11.82
11.82
11.82
11.82
11.82
11.82
11.82
11.82
11.82
11.82
11.82
11.82
11.82
11.82
11.82
11.82
11.82
11.82
11.82
11.82
11.82
11.84
11.84
11.84
11.84
11.88
11.88
11.88
11.88
11.88
11.9
11.9
11.9
11.9
11.9
11.9
11.9
11.9
11.9
11.9
11.9
11.9
11.9
11.9
11.9
11.9
11.9
11.9
11.9
11.9
11.9
11.9
11.9
11.9
11.9
11.9
11.9
11.9
11.9
11.9
11.9
11.9
11.9
11.9
11.9
11.9
11.9
11.9
11.9
11.9
11.9
11.9
11.9
11.9
11.9
11.9
11.9
11.9
11.9
11.9
11.9
11.9
11.9
11.9
11.9
11.9
11.9
11.9
11.9
11.9
11.9
11.9
11.9
11.9
11.9
11.9
11.9
11.9
11.9
11.9
11.9
11.9
11.9
11.9
11.9
11.9
11.9
11.9
11.9
11.9
11.9
11.9
11.9
11.9
11.9
11.9
11.9
11.9
11.9
11.9
11.9
11.9
11.9
11.9
11.9
11.9
11.9
11.9
11.9
11.9
11.9
11.9
11.9
11.9
11.9
11.9
11.9
11.9
11.9
11.9
11.9
11.9
11.9
11.9
11.9
11.9
11.9
11.9
11.9
11.9
11.9
11.9
11.9
11.9
11.9
11.9
11.9
11.9
11.9
11.9
11.9
11.9
11.9
11.9
11.9
11.9
11.9
11.9
11.9
11.9
11.9
11.9
11.9
11.9
11.9
11.9
11.9
11.9
11.9
11.9
11.9
11.9
11.9
11.9
11.9
11.9
11.9
11.9
11.9
11.9
11.9
11.9
11.9
11.9
11.9
11.9
11.9
11.9
11.9
11.9
11.9
11.9
11.9
11.9
11.9
11.9
11.9
11.9
11.9
11.9
11.9
11.9
11.9
11.9
11.9
11.9
11.9
11.9
11.9
11.9
11.9
11.9
11.9
11.9
11.9
11.9
11.9
11.92
11.92
11.92
11.92
11.92
11.92
11.92
11.92
11.92
11.92
11.92
11.92
11.92
11.92
11.92
11.92
11.92
11.92
11.92
11.92
11.92
11.92
11.92
11.92
11.92
11.92
11.92
11.92
11.92
11.92
11.92
11.92
11.92
11.92
11.92
11.92
11.92
11.92
11.92
11.92
11.92
11.92
11.92
11.94
11.94
11.94
11.94
11.94
11.94
11.94
11.94
11.94
11.94
11.94
11.94
11.94
11.94
11.94
11.94
11.94
11.94
11.96
11.96
11.96
11.96
11.96
11.96
11.96
11.96
11.96
11.96
11.96
11.96
11.96
11.96
11.96
11.96
11.96
11.96
11.96
11.96
11.96
11.96
11.96
11.96
11.96
11.96
11.96
11.96
11.98
11.98
11.98
11.98
11.98
11.98
11.98
11.98
11.98
11.98
11.98
12.04
12.04
12.04
12.04
12.04
12.04
12.04
12.04
12.04
12.04
12.04
12.04
12.04
12.04
12.04
12.04
12.04
12.04
12.04
12.04
12.04
12.04
12.04
12.04
12.04
12.04
12.04
12.04
12.04
12.04
12.04
12.04
12.04
12.04
12.04
12.04
12.04
12.04
12.04
12.04
12.04
12.04
12.04
12.06
12.06
12.06
12.06
12.06
12.06
12.06
12.06
12.06
12.06
12.06
12.06
12.06
12.06
12.06
12.06
12.06
12.06
12.06
12.06
12.06
12.06
12.06
12.06
12.06
12.06
12.06
12.06
12.06
12.06
12.06
12.06
12.06
12.06
12.06
12.06
12.06
12.06
12.06
12.06
12.06
12.06
12.06
12.06
12.06
12.06
12.06
12.06
12.06
12.06
12.06
12.06
12.06
12.06
12.06
12.06
12.06
12.06
12.06
12.06
12.06
12.06
12.06
12.06
12.06
12.06
12.06
12.06
12.06
12.06
12.06
12.06
12.06
12.06
12.06
12.06
12.06
12.12
12.12
12.12
12.12
12.12
12.12
12.12
12.12
12.12
12.14
12.14
12.14
12.14
12.14
12.14
12.14
12.14
12.14
12.14
12.14
12.14
12.14
12.14
12.14
12.14
12.14
12.14
12.14
12.14
12.14
12.14
12.14
12.14
12.14
12.14
12.14
12.14
12.14
12.14
12.14
12.14
12.14
12.14
12.14
12.14
12.14
12.14
12.14
12.14
12.14
12.14
12.14
12.14
12.14
12.14
12.14
12.14
12.14
12.14
12.14
12.14
12.14
12.14
12.14
12.14
12.14
12.14
12.14
12.14
12.14
12.14
12.14
12.14
12.14
12.14
12.14
12.14
12.14
12.14
12.14
12.14
12.14
12.14
12.14
12.14
12.14
12.14
12.14
12.14
12.14
12.14
12.14
12.14
12.14
12.14
12.14
12.14
12.14
12.14
12.14
12.14
12.14
12.14
12.14
12.14
12.14
12.14
12.14
12.14
12.14
12.14
12.14
12.14
12.14
12.14
12.14
12.14
12.14
12.14
12.14
12.14
12.14
12.14
12.14
12.14
12.14
12.14
12.14
12.14
12.14
12.14
12.14
12.14
12.14
12.14
12.14
12.14
12.14
12.14
12.14
12.14
12.14
12.14
12.14
12.14
12.14
12.14
12.14
12.14
12.14
12.14
12.14
12.14
12.14
12.14
12.14
12.14
12.14
12.14
12.14
12.14
12.14
12.14
12.14
12.14
12.14
12.14
12.14
12.14
12.14
12.14
12.14
12.14
12.14
12.14
12.14
12.14
12.14
12.14
12.14
12.14
12.14
12.14
12.14
12.14
12.18
12.18
12.18
12.18
12.18
12.18
12.18
12.18
12.18
12.18
12.18
12.18
12.18
12.18
12.18
12.18
12.18
12.18
12.18
12.18
12.18
12.18
12.18
12.18
12.18
12.18
12.18
12.18
12.18
12.18
12.18
12.18
12.18
12.18
12.18
12.18
12.18
12.18
12.18
12.2
12.2
12.2
12.2
12.2
12.2
12.2
12.2
12.2
12.2
12.2
12.2
12.2
12.2
12.2
12.2
12.2
12.22
12.24
12.24
12.24
12.24
12.24
12.24
12.24
12.24
12.24
12.24
12.24
12.24
12.24
12.24
12.24
12.24
12.24
12.24
12.24
12.24
12.24
12.24
12.24
12.24
12.24
12.24
12.24
12.24
12.24
12.26
12.26
12.26
12.26
12.26
12.26
12.26
12.26
12.26
12.26
12.26
12.26
12.26
12.26
12.26
12.26
12.28
12.28
12.28
12.28
12.28
12.28
12.28
12.28
12.28
12.28
12.28
12.28
12.28
12.28
12.28
12.28
12.28
12.28
12.28
12.28
12.28
12.28
12.28
12.28
12.28
12.28
12.28
12.28
12.28
12.28
12.28
12.28
12.28
12.28
12.28
12.28
12.28
12.28
12.28
12.28
12.28
12.28
12.28
12.28
12.28
12.28
12.28
12.28
12.28
12.28
12.28
12.28
12.28
12.28
12.28
12.28
12.28
12.28
12.28
12.28
12.28
12.28
12.28
12.28
12.28
12.28
12.28
12.28
12.28
12.28
12.28
12.28
12.28
12.28
12.28
12.28
12.28
12.28
12.28
12.28
12.28
12.28
12.28
12.28
12.28
12.28
12.28
12.28
12.28
12.28
12.28
12.28
12.28
12.28
12.28
12.28
12.28
12.28
12.28
12.28
12.28
12.28
12.28
12.28
12.28
12.28
12.28
12.28
12.28
