6.64
6.96
7.0
7.08
7.14
7.3
7.32
7.56
7.6
7.6
7.62
7.78
7.78
7.8
8.02
8.02
8.14
8.22
8.24
8.24
8.26
8.34
8.36
8.42
8.44
8.48
8.5
8.5
8.58
8.6
8.6
8.64
8.78
8.86
8.92
8.94
8.96
8.96
9.04
9.08
9.08
9.1
9.1
9.1
9.1
9.1
9.1
9.16
9.16
9.22
9.26
9.3
9.34
9.36
9.36
9.36
9.4
9.4
9.4
9.48
9.54
9.58
9.72
9.72
9.72
9.72
9.8
9.8
9.8
9.8
9.8
9.8
9.8
9.8
9.8
9.8
9.8
9.88
9.88
9.88
9.88
9.88
9.88
9.88
9.88
9.88
9.88
9.9
9.9
9.9
9.9
9.9
9.9
9.94
9.94
9.94
9.94
9.94
9.96
9.96
9.96
9.96
9.96
9.96
9.96
9.96
9.96
9.96
9.96
9.96
9.96
10.0
10.0
10.0
10.0
10.0
10.0
10.08
10.08
10.08
10.08
10.3
10.3
10.34
10.38
10.4
10.4
10.4
10.46
10.46
10.46
10.5
10.54
10.54
10.6
10.64
10.64
10.64
10.72
10.74
10.76
10.78
10.78
10.8
10.8
10.8
10.8
10.9
10.9
11.1
11.1
11.1
11.14
11.16
11.18
11.18
11.18
11.24
11.24
11.26
11.26
11.4
11.42
11.42
11.42
11.42
11.44
11.44
11.44
11.44
11.44
11.46
11.48
11.54
11.6
11.62
11.7
11.72
11.76
11.76
11.88
11.9
11.9
11.9
11.98
12.02
12.02
12.12
12.12
12.12
12.26
12.26
12.36
12.38
12.4
12.46
12.56
12.58
12.6
12.6
12.6
12.68
12.7
12.74
12.74
12.84
12.84
12.84
12.84
12.84
12.84
12.84
12.96
12.96
12.98
13.0
13.14
13.16
13.2
13.2
13.22
13.32
13.34
13.34
13.36
13.4
13.4
13.44
13.5
13.56
13.62
13.66
13.66
13.66
13.72
13.78
13.94
13.94
13.94
14.02
14.02
14.02
14.02
14.06
14.06
14.08
14.08
14.14
14.14
14.14
14.14
14.22
14.22
14.22
14.24
14.24
14.24
14.26
14.3
14.38
14.4
14.42
14.44
14.44
14.44
14.52
14.52
14.52
14.52
14.52
14.52
14.54
14.54
14.66
14.66
14.66
14.66
14.66
14.66
14.66
14.7
14.72
14.72
14.88
14.9
14.92
14.92
14.92
14.92
14.96
14.96
14.96
14.98
15.04
15.04
15.06
15.28
15.28
15.28
15.28
15.28
15.3
15.3
15.3
15.3
15.34
15.42
15.42
15.46
15.56
15.56
15.56
15.56
15.56
15.56
15.56
15.56
15.56
15.56
15.56
15.62
15.62
15.62
15.62
15.62
15.62
15.66
15.72
15.72
15.72
15.72
15.72
15.72
15.72
15.72
15.72
15.76
15.78
15.78
15.78
15.78
15.84
15.84
15.84
15.84
15.84
15.84
15.84
15.84
15.94
15.94
15.94
15.96
15.96
15.96
15.96
16.0
16.0
16.04
16.1
16.1
16.1
16.12
16.12
16.12
16.12
16.14
16.14
16.18
16.18
16.18
16.18
16.18
16.32
16.4
16.42
16.42
16.44
16.44
16.44
16.48
16.5
16.5
16.52
16.52
16.52
16.52
16.58
16.6
16.6
16.6
16.68
16.68
16.68
16.7
16.7
16.7
16.7
16.74
16.74
16.74
16.8
16.82
16.82
16.86
16.92
17.0
17.04
17.04
17.04
17.08
17.1
17.1
17.1
17.1
17.1
17.1
17.18
17.26
17.26
17.28
17.28
17.3
17.3
17.3
17.34
17.34
17.4
17.4
17.42
17.42
17.42
17.44
17.46
17.46
17.46
17.58
17.58
17.58
17.58
17.58
17.58
17.64
17.64
17.68
17.68
17.68
17.68
17.68
17.68
17.68
17.68
17.68
17.68
17.68
17.7
17.7
17.7
17.7
17.8
17.8
17.8
17.8
17.8
17.8
17.8
17.82
17.82
17.82
17.82
17.92
17.92
17.92
17.92
17.92
17.92
17.96
17.96
17.96
18.06
18.06
18.08
18.1
18.1
18.12
18.12
18.12
18.14
18.14
18.14
18.22
18.22
18.22
18.22
18.22
18.22
18.22
18.24
18.26
18.26
18.28
18.28
18.3
18.3
18.34
18.34
18.34
18.42
18.44
18.52
18.52
18.58
18.64
18.64
18.64
18.64
18.72
18.72
18.72
18.74
18.74
18.76
18.78
18.78
18.82
18.86
18.86
18.86
18.9
18.9
18.92
18.92
19.02
19.02
19.04
19.04
19.22
19.28
19.32
19.32
19.36
19.36
19.36
19.36
19.36
19.38
19.4
19.42
19.42
19.42
19.42
19.42
19.42
19.5
19.5
19.5
19.5
19.5
19.5
19.56
19.56
19.56
19.58
19.58
19.58
19.6
19.6
19.6
19.6
19.6
19.6
19.6
19.62
19.62
19.62
19.62
19.62
19.74
19.74
19.74
19.78
19.78
19.78
19.78
19.78
19.78
19.8
19.8
19.8
19.82
19.82
19.88
19.94
19.94
19.94
19.94
19.94
19.94
19.94
19.98
19.98
19.98
19.98
19.98
19.98
19.98
19.98
20.04
20.04
20.04
20.04
20.04
20.04
20.04
20.04
20.04
20.04
20.08
20.08
20.12
20.12
20.12
20.12
20.12
20.12
20.14
20.14
20.16
20.16
20.16
20.16
20.2
20.2
20.2
20.2
20.2
20.28
20.28
20.28
20.32
20.32
20.32
20.32
20.32
20.32
20.32
20.34
20.34
20.34
20.34
20.4
20.4
20.44
20.44
20.46
20.46
20.46
20.46
20.46
20.46
20.46
20.46
20.46
20.54
20.54
20.54
20.54
20.68
20.68
20.68
20.7
20.7
20.7
20.7
20.7
20.7
20.7
20.7
20.7
20.7
20.72
20.72
20.72
20.84
20.84
20.84
20.84
20.84
20.9
20.9
20.92
20.92
20.92
21.02
21.02
21.02
21.02
21.04
21.04
21.04
21.04
21.04
21.04
21.04
21.04
21.04
21.06
21.06
21.06
21.06
21.08
21.08
21.08
21.08
21.08
21.12
21.12
21.12
21.14
21.14
21.14
21.14
21.14
21.14
21.14
21.14
21.14
21.14
21.14
21.14
21.14
21.14
21.14
21.14
21.14
21.22
21.22
21.24
21.28
21.3
21.42
21.42
21.42
21.42
21.42
21.42
21.42
21.42
21.44
21.44
21.5
21.5
21.5
21.5
21.5
21.5
21.5
21.54
21.54
21.54
21.54
21.54
21.66
21.68
21.68
21.68
21.68
21.68
21.68
21.68
21.68
21.68
21.68
21.68
21.68
21.68
21.68
21.68
21.68
21.68
21.68
21.68
21.7
21.7
21.7
21.7
21.74
21.74
21.74
21.74
21.74
21.74
21.74
21.74
21.74
21.74
21.74
21.8
21.8
21.8
21.8
21.8
21.8
21.8
21.8
21.8
21.8
21.8
21.8
21.8
21.8
21.8
21.8
21.8
21.8
21.8
21.8
21.8
21.8
21.8
21.8
21.8
21.8
21.8
21.8
21.8
21.8
21.8
21.88
21.88
21.88
21.88
21.88
21.9
21.9
21.9
21.9
21.9
21.9
21.9
21.9
21.9
21.9
21.92
21.92
21.92
21.92
21.92
21.92
21.92
21.92
21.92
21.92
21.92
21.92
21.94
21.94
21.98
21.98
21.98
21.98
21.98
22.02
22.02
22.02
22.02
22.02
22.02
22.02
22.02
22.02
22.02
22.02
22.02
22.02
22.04
22.04
22.04
22.04
22.04
22.08
22.08
22.1
22.14
22.14
22.14
22.14
22.14
22.14
22.14
22.14
22.14
22.14
22.14
22.14
22.14
22.14
22.14
22.14
22.18
22.18
22.18
22.18
22.18
22.18
22.18
22.18
22.18
22.18
22.18
22.18
22.22
22.22
22.22
22.22
22.22
22.22
22.22
22.22
22.22
22.22
22.22
22.24
22.24
22.32
22.32
22.32
22.32
22.32
22.32
22.32
22.32
22.32
22.32
22.32
22.32
22.32
22.32
22.32
22.32
22.32
22.32
22.32
22.32
22.32
22.34
22.34
22.44
22.44
22.44
22.44
22.44
22.44
22.44
22.44
22.44
22.44
22.44
22.44
22.44
22.44
22.44
22.44
22.44
22.44
22.44
22.44
22.44
22.44
22.44
22.44
22.44
22.44
22.44
22.44
22.44
22.48
22.48
22.48
22.48
22.48
22.48
22.48
22.48
22.48
22.48
22.48
22.48
22.48
22.48
22.48
22.48
22.48
22.52
22.52
22.54
22.54
22.54
22.54
22.54
22.54
22.58
22.58
22.58
22.62
22.62
22.62
22.62
22.62
22.62
22.62
22.62
22.62
22.62
22.62
22.62
22.62
22.62
22.62
22.62
22.62
22.62
22.62
22.62
22.62
22.62
22.62
22.62
22.62
22.62
22.62
22.62
22.68
22.68
22.68
22.68
22.68
22.68
22.68
22.7
22.7
22.7
22.7
22.7
22.7
22.7
22.7
22.7
22.7
22.7
22.7
22.7
22.7
22.7
22.7
22.82
22.82
22.84
22.94
22.94
22.94
22.94
22.94
22.94
22.94
22.96
22.96
23.02
23.04
23.04
23.14
23.14
23.14
23.14
23.14
23.14
23.14
23.14
23.14
23.14
23.16
23.16
23.2
23.2
23.2
23.2
23.2
23.2
23.2
23.2
23.2
23.2
23.2
23.2
23.2
23.2
23.2
23.2
23.2
23.26
23.26
23.26
23.26
23.26
23.26
23.28
23.3
23.3
23.3
23.36
23.36
23.36
23.36
23.36
23.36
23.36
23.36
23.36
23.36
23.36
23.36
23.36
23.36
23.36
23.4
23.4
23.42
23.44
23.44
23.44
23.48
23.48
23.48
23.48
23.48
23.5
23.52
23.52
23.52
23.52
23.52
23.52
23.52
23.52
23.52
23.52
23.52
23.52
23.52
23.54
23.54
23.54
23.62
23.62
23.62
23.62
23.62
23.62
23.62
23.62
23.62
23.62
23.62
23.62
23.62
23.62
23.62
23.62
23.72
23.72
23.72
23.74
23.74
23.74
23.8
23.8
23.8
23.8
23.8
23.8
23.8
23.8
23.82
23.82
23.82
23.82
23.82
23.82
23.82
23.82
23.82
23.82
23.82
23.82
23.82
23.82
23.82
23.82
23.82
23.82
23.82
23.82
23.82
23.82
23.82
23.82
23.82
23.82
23.82
23.82
23.82
23.82
23.82
23.82
23.82
23.82
23.82
23.82
23.82
23.82
23.88
23.88
23.88
23.88
23.88
24.0
24.0
24.0
24.0
24.0
24.0
24.0
24.0
24.0
24.0
24.0
24.0
24.02
24.06
24.06
24.06
24.06
24.06
24.06
24.2
24.2
24.2
24.2
24.2
24.2
24.2
24.2
24.2
24.2
24.3
24.4
24.4
24.4
24.4
24.4
24.4
24.44
24.44
24.44
24.44
24.48
24.48
24.48
24.48
24.48
24.5
24.5
24.5
24.5
24.5
24.5
24.5
24.5
24.5
24.5
24.5
24.5
24.5
24.5
24.5
24.5
24.5
24.5
24.5
24.5
24.52
24.52
24.56
24.56
24.56
24.56
24.56
24.56
24.56
24.56
24.56
24.6
24.6
24.6
24.6
24.62
24.62
24.62
24.62
24.62
24.62
24.62
24.62
24.62
24.62
24.62
24.62
24.64
24.64
24.64
24.64
24.64
24.64
24.64
24.64
24.64
24.64
24.64
24.64
24.64
24.64
24.64
24.64
24.64
24.64
24.64
24.64
24.64
24.64
24.64
24.64
24.64
24.64
24.64
24.64
24.7
24.7
24.7
24.7
24.7
24.7
24.7
24.7
24.7
24.7
24.7
24.7
24.7
24.7
24.7
24.7
24.7
24.7
24.7
24.7
24.7
24.7
24.7
24.7
24.7
24.7
24.7
24.7
24.7
24.7
24.7
24.7
24.7
24.7
24.7
24.7
24.7
24.7
24.7
24.7
24.7
24.7
24.7
24.7
24.7
24.7
24.7
24.72
24.72
24.72
24.72
24.72
24.72
24.72
24.72
24.72
24.72
24.76
24.76
24.76
24.76
24.76
24.76
24.76
24.78
24.78
24.78
24.78
24.78
24.78
24.78
24.78
24.78
24.78
24.78
24.78
24.78
24.78
24.78
24.78
24.78
24.78
24.78
24.78
24.78
24.78
24.78
24.78
24.78
24.8
24.8
24.8
24.8
24.8
24.8
24.84
24.84
24.86
24.86
24.9
24.9
24.9
24.9
24.9
24.9
24.9
24.9
24.9
24.9
24.9
24.9
24.9
24.9
24.9
24.9
24.9
24.9
24.9
24.9
24.9
24.9
24.9
24.9
24.9
24.9
24.9
24.9
24.9
24.9
24.9
24.9
24.9
24.9
24.9
24.9
24.9
24.9
24.9
24.9
24.9
24.9
24.9
24.9
24.9
24.9
24.9
24.9
24.9
24.9
24.9
24.94
24.94
24.94
24.96
24.96
25.0
25.0
25.0
25.0
25.0
25.02
25.02
25.02
25.02
25.02
25.02
25.02
25.02
25.02
25.02
25.02
25.02
25.02
25.02
25.02
25.02
25.02
25.02
25.02
25.02
25.02
25.02
25.02
25.02
25.02
25.1
25.1
25.12
25.12
25.12
25.12
25.12
25.14
25.14
25.16
25.16
25.16
25.16
25.16
25.16
25.16
25.16
25.16
25.16
25.16
25.16
25.16
25.16
25.16
25.16
25.16
25.16
25.16
25.16
25.16
25.16
25.16
25.16
25.16
25.16
25.16
25.16
25.16
25.16
25.16
25.16
25.16
25.16
25.16
25.16
25.16
25.16
25.16
25.16
25.16
25.16
25.16
25.16
25.16
25.16
25.16
25.16
25.16
25.16
25.16
25.2
25.2
25.2
25.2
25.2
25.2
25.2
25.2
25.2
25.2
25.2
25.2
25.2
25.2
25.2
25.2
25.2
25.22
25.22
25.22
25.22
25.22
25.22
25.22
25.22
25.22
25.22
25.22
25.22
25.22
25.22
25.22
25.22
25.22
25.22
25.22
25.22
25.22
25.22
25.22
25.22
25.22
25.22
25.22
25.22
25.22
25.22
25.22
25.22
25.22
25.22
25.22
25.22
25.22
25.22
25.22
25.22
25.22
25.22
25.22
25.22
25.22
25.22
25.22
25.22
25.26
25.26
25.26
25.26
25.26
25.26
25.26
25.26
25.26
25.26
25.26
25.26
25.26
25.26
25.26
25.26
25.26
25.26
25.26
25.26
25.26
25.26
25.26
25.26
25.26
25.28
25.28
25.28
25.28
25.28
25.28
25.28
25.28
25.28
25.28
25.28
25.28
25.28
25.28
25.28
25.28
25.28
25.28
25.28
25.44
25.44
25.44
25.44
25.44
25.44
25.44
25.44
25.44
25.44
25.44
25.44
25.44
25.44
25.44
25.44
25.44
25.44
25.44
25.44
25.44
25.44
25.44
25.44
25.44
25.44
25.44
25.44
25.44
25.44
25.44
25.44
25.44
25.44
25.44
25.44
25.44
25.44
25.44
25.44
25.44
25.44
25.46
25.46
25.52
25.52
25.52
25.52
25.52
25.52
25.52
25.52
25.52
25.52
25.52
25.52
25.52
25.52
25.54
25.54
25.54
25.54
25.54
25.54
25.54
25.54
25.54
25.54
25.54
25.54
25.54
25.54
25.54
25.54
25.54
25.54
25.54
25.54
25.54
25.54
25.54
25.54
25.54
25.54
25.54
25.54
25.54
25.54
25.54
25.56
25.56
25.56
25.56
25.56
25.56
25.56
25.56
25.56
25.56
25.56
25.6
25.6
25.6
25.6
25.6
25.6
25.6
25.6
25.6
25.6
25.6
25.6
25.6
25.6
25.6
25.6
25.6
25.6
25.6
25.6
25.62
25.64
25.64
25.64
25.64
25.64
25.64
25.64
25.64
25.64
25.64
25.64
25.64
25.64
25.64
25.64
25.64
25.64
25.64
25.64
25.64
25.66
25.66
25.66
25.66
25.66
25.66
25.66
25.66
25.66
25.66
25.66
25.66
25.66
25.66
25.66
25.68
25.68
25.7
25.7
25.7
25.7
25.7
25.7
25.7
25.7
25.7
25.7
25.7
25.7
25.7
25.7
25.7
25.7
25.7
25.7
25.7
25.7
25.7
25.7
25.7
25.7
25.7
25.7
25.7
25.7
25.7
25.7
25.7
25.7
25.7
25.7
25.7
25.7
25.7
25.7
25.7
25.7
25.7
25.7
25.74
25.74
25.74
25.74
25.74
25.74
25.74
25.74
25.74
25.74
25.74
25.74
25.74
25.74
25.74
25.74
25.74
25.74
25.74
25.74
25.74
25.74
25.74
25.74
25.74
25.74
25.74
25.74
25.74
25.74
25.74
25.74
25.74
25.74
25.74
25.74
25.74
25.74
25.74
25.74
25.74
25.74
25.74
25.76
25.76
25.76
25.76
25.76
25.76
25.76
25.76
25.76
25.76
25.76
25.76
25.76
25.76
25.76
25.76
25.76
25.76
25.76
25.76
25.76
25.76
25.76
25.76
25.76
25.76
25.76
25.76
25.76
25.76
25.76
25.76
25.76
25.76
25.78
25.8
25.8
25.8
25.8
25.8
25.8
25.8
25.8
25.8
25.8
25.92
25.92
25.92
25.92
25.92
25.92
25.92
25.92
25.92
25.92
25.92
25.92
25.92
