8.6
9.7
9.9
10.1
10.4
10.6
10.7
10.9
11.2
11.3
11.3
11.4
11.4
11.6
11.6
11.6
11.6
11.6
11.7
11.7
11.7
11.7
11.7
11.7
11.7
11.7
11.7
11.7
11.7
11.7
11.7
11.7
11.8
11.9
11.9
11.9
11.9
12.1
12.1
12.1
12.1
12.1
12.2
12.2
12.2
12.3
12.3
12.5
12.5
12.5
12.5
12.5
12.5
12.5
12.5
12.7
12.7
12.7
12.7
12.7
12.7
12.8
12.8
12.8
12.8
12.8
12.8
12.8
12.8
12.8
12.8
12.8
12.8
12.8
12.8
12.8
12.8
12.8
12.8
12.9
12.9
12.9
12.9
12.9
12.9
12.9
12.9
12.9
12.9
12.9
12.9
12.9
12.9
12.9
12.9
12.9
12.9
12.9
12.9
12.9
12.9
12.9
12.9
13.0
13.0
13.0
13.0
13.0
13.0
13.1
13.1
13.1
13.1
13.2
13.2
13.2
13.2
13.2
13.2
13.2
13.2
13.2
13.2
13.2
13.2
13.2
13.2
13.2
13.2
13.2
13.2
13.2
13.4
13.4
13.4
13.4
13.4
13.4
13.4
13.4
13.4
13.4
13.4
13.5
13.4
13.4
13.4
13.4
13.4
13.4
13.4
13.4
13.5
13.5
13.5
13.5
13.5
13.5
13.5
13.5
13.5
13.5
13.5
13.8
13.8
13.8
13.8
13.8
13.8
13.8
13.8
13.8
13.8
13.8
13.8
13.8
13.8
13.8
13.8
13.8
13.8
13.8
13.8
13.8
13.8
13.8
13.8
13.8
13.8
13.8
13.8
13.8
13.8
13.8
13.8
13.8
13.8
13.8
13.8
13.8
13.8
13.8
13.8
13.8
13.8
13.8
13.8
13.8
13.8
13.8
13.8
13.8
13.8
13.8
13.8
13.8
13.8
13.8
13.8
13.8
13.8
13.8
13.8
13.8
13.8
13.8
13.8
13.8
13.8
13.8
13.8
13.8
13.8
13.8
13.8
13.8
13.8
13.8
13.8
13.8
13.8
13.8
13.8
13.8
13.8
13.8
13.8
13.8
13.8
13.8
13.8
13.8
13.8
13.8
13.8
13.8
13.8
13.8
13.8
13.8
13.8
13.8
13.8
13.8
13.8
14.0
14.0
14.0
14.0
14.0
14.0
14.1
14.1
14.1
14.1
14.1
14.1
14.1
14.1
14.1
14.2
14.2
14.2
14.2
14.2
14.2
14.2
14.2
14.2
14.2
14.2
14.2
14.2
14.2
14.2
14.2
14.2
14.2
14.2
14.2
14.2
14.2
14.2
14.2
14.2
14.2
14.2
14.2
14.2
14.2
14.2
14.2
14.2
14.2
14.2
14.2
14.2
14.2
14.2
14.2
14.2
14.2
14.2
14.2
14.2
14.2
14.2
14.2
14.2
14.2
14.2
14.2
14.2
14.2
14.2
14.2
14.2
14.2
14.2
14.2
14.3
14.3
14.3
14.3
14.3
14.3
14.3
14.3
14.3
14.3
14.3
14.3
14.3
14.3
14.3
14.3
14.3
14.3
14.3
14.3
14.3
14.3
14.3
14.3
14.3
14.3
14.3
14.3
14.3
14.3
14.3
14.3
14.3
14.3
14.3
14.3
14.3
14.3
14.3
14.3
14.3
14.3
14.3
14.3
14.3
14.3
14.3
14.3
14.3
14.3
14.3
14.3
14.3
14.3
14.3
14.3
14.3
14.3
14.3
14.3
14.3
14.3
14.3
14.3
14.3
14.3
14.3
14.3
14.3
14.3
14.3
14.3
14.3
14.3
14.3
14.3
14.3
14.3
14.3
14.3
14.3
14.3
14.3
14.3
14.3
14.3
14.3
14.3
14.3
14.3
14.3
14.3
14.3
14.3
14.3
14.3
14.3
14.3
14.3
14.3
14.3
14.3
14.3
14.3
14.3
14.3
14.3
14.3
14.3
14.3
14.3
14.3
14.3
14.3
14.3
14.3
14.3
14.3
14.3
14.3
14.3
14.3
14.3
14.3
14.3
14.3
14.3
14.3
14.3
14.3
14.3
14.3
14.3
14.3
14.3
14.3
14.3
14.3
14.3
14.3
14.3
14.3
14.3
14.3
14.3
14.3
14.3
14.3
14.3
14.3
14.3
14.3
14.3
14.3
14.3
14.3
14.3
14.3
14.3
14.3
