5.98
6.1
6.24
6.24
6.28
6.6
6.8
6.86
7.04
7.08
7.2
7.28
7.34
7.42
7.42
7.46
7.5
7.54
7.58
7.68
7.72
7.74
7.9
7.94
7.96
8.02
8.12
8.3
8.34
8.34
8.36
8.36
8.38
8.48
8.52
8.54
8.54
8.6
8.68
8.7
8.82
8.86
8.86
8.9
8.98
9.0
9.16
9.18
9.18
9.18
9.18
9.26
9.26
9.42
9.42
9.5
9.5
9.5
9.6
9.6
9.6
9.6
9.6
9.6
9.6
9.6
9.62
9.68
9.68
9.68
9.7
9.7
9.74
9.74
9.86
9.86
9.86
9.94
9.94
9.94
9.94
9.96
9.96
9.96
9.96
10.0
10.0
10.02
10.02
10.02
10.02
10.08
10.08
10.16
10.16
10.16
10.16
10.16
10.16
10.2
10.24
10.24
10.24
10.24
10.24
10.26
10.26
10.26
10.26
10.26
10.28
10.28
10.28
10.28
10.32
10.34
10.36
10.4
10.4
10.4
10.4
10.4
10.44
10.48
10.48
10.48
10.64
10.64
10.72
10.78
10.86
10.86
10.86
10.86
10.9
10.94
11.0
11.02
11.06
11.12
11.14
11.24
11.32
11.32
11.36
11.42
11.42
11.42
11.44
11.44
11.44
11.44
11.44
11.44
11.44
11.44
11.46
11.5
11.5
11.5
11.52
11.52
11.52
11.52
11.64
11.64
11.64
11.64
11.64
11.78
11.84
11.9
11.92
12.0
12.02
12.04
12.04
12.04
12.06
12.06
12.06
12.08
12.1
12.1
12.1
12.12
12.12
12.18
12.26
12.34
12.38
12.4
12.42
12.44
12.46
12.48
12.52
12.52
12.52
12.52
12.54
12.68
12.68
12.68
12.68
12.68
12.74
12.78
12.78
12.84
12.94
12.98
12.98
13.04
13.04
13.04
13.04
13.04
13.1
13.14
13.16
13.24
13.24
13.28
13.38
13.48
13.48
13.52
13.52
13.62
13.64
13.64
13.64
13.68
13.74
13.74
13.78
13.8
13.8
13.8
13.82
13.84
13.86
13.86
13.86
13.86
13.86
14.0
14.0
14.0
14.06
14.08
14.1
14.1
14.12
14.12
14.12
14.12
14.16
14.18
14.18
14.18
14.26
14.32
14.32
14.34
14.42
14.46
14.46
14.46
14.48
14.5
14.54
14.56
14.56
14.56
14.56
14.58
14.6
14.6
14.64
14.68
14.74
14.74
14.82
14.88
14.9
14.9
14.9
14.9
15.04
15.1
15.1
15.1
15.12
15.2
15.2
15.24
15.26
15.34
15.38
15.4
15.4
15.44
15.48
15.48
15.48
15.54
15.54
15.54
15.54
15.62
15.66
15.66
15.66
15.74
15.8
15.8
15.8
15.82
15.82
15.82
15.82
15.82
15.84
15.84
15.84
15.84
15.84
15.84
15.84
15.84
15.86
15.86
15.86
15.86
15.86
15.86
15.86
15.9
15.9
16.06
16.06
16.16
16.16
16.16
16.16
16.18
16.18
16.22
16.22
16.26
16.36
16.36
16.36
16.36
16.38
16.38
16.4
16.4
16.4
16.48
16.48
16.48
16.48
16.52
16.52
16.52
16.58
16.6
16.6
16.6
16.6
16.6
16.6
16.6
16.6
16.62
16.64
16.64
16.64
16.64
16.74
16.74
16.74
16.74
16.74
16.8
16.84
16.86
16.86
16.86
16.86
16.86
16.94
16.94
16.94
16.94
16.94
16.94
16.94
16.96
16.98
16.98
16.98
16.98
16.98
16.98
17.06
17.06
17.06
17.06
17.08
17.08
17.08
17.08
17.08
17.08
17.1
17.1
17.1
17.1
17.1
17.12
17.22
17.22
17.26
17.26
17.28
17.28
17.28
17.28
17.28
17.36
17.36
17.38
17.38
17.38
17.4
17.44
17.44
17.5
17.5
17.5
17.5
17.5
17.54
17.58
17.58
17.62
17.62
17.62
17.62
17.62
17.62
17.62
17.62
17.62
17.62
17.62
17.64
17.64
17.64
17.66
17.66
17.66
17.66
17.74
17.76
17.76
17.76
17.76
17.76
17.76
17.78
17.78
17.8
17.84
17.84
17.9
17.9
17.92
17.92
17.92
17.92
17.92
17.92
17.92
17.96
18.02
18.02
18.02
18.02
18.02
18.02
18.02
18.06
18.06
18.06
18.06
18.06
18.08
18.08
18.1
18.1
18.14
18.14
18.14
18.14
18.14
18.14
18.14
18.14
18.14
18.14
18.14
18.14
18.14
18.18
18.18
18.18
18.18
18.18
18.18
18.18
18.18
18.18
18.18
18.2
18.2
18.2
18.2
18.2
18.2
18.26
18.26
18.26
18.26
18.26
18.32
18.32
18.32
18.32
18.32
18.32
18.4
18.4
18.4
18.42
18.42
18.42
18.42
18.44
18.44
18.44
18.5
18.5
18.54
18.56
18.56
18.56
18.58
18.58
18.58
18.58
18.58
18.6
18.62
18.72
18.72
18.72
18.72
18.76
18.8
18.8
18.8
18.8
18.82
18.82
18.82
18.98
18.98
18.98
18.98
19.02
19.02
19.06
19.06
19.06
19.06
19.06
19.06
19.06
19.06
19.1
19.1
19.1
19.1
19.1
19.1
19.1
19.1
19.1
19.1
19.1
19.14
19.14
19.14
19.14
19.14
19.14
19.16
19.16
19.16
19.16
19.18
19.22
19.22
19.22
19.22
19.22
19.22
19.22
19.26
19.28
19.32
19.32
19.32
19.34
19.34
19.34
19.38
19.38
19.38
19.38
19.38
19.38
19.38
19.38
19.38
19.38
19.38
19.46
19.46
19.46
19.46
19.46
19.46
19.46
19.48
19.48
19.48
19.48
19.48
19.56
19.56
19.56
19.58
19.58
19.6
19.66
19.66
19.66
19.66
19.68
19.68
19.7
19.7
19.7
19.7
19.7
19.7
19.7
19.78
19.78
19.78
19.84
19.84
19.84
19.84
19.84
19.84
19.84
19.84
19.92
19.92
19.98
19.98
19.98
19.98
19.98
19.98
19.98
20.0
20.0
20.0
20.0
20.0
20.02
20.04
20.04
20.04
20.06
20.06
20.06
20.06
20.06
20.06
20.06
20.06
20.06
20.06
20.08
20.08
20.08
20.08
20.08
20.08
20.08
20.08
20.12
20.12
20.12
20.12
20.12
20.14
20.16
20.16
20.16
20.16
20.16
20.16
20.16
20.16
20.16
20.16
20.16
20.16
20.16
20.16
20.16
20.18
20.18
20.18
20.18
20.18
20.18
20.18
20.18
20.18
20.18
20.18
20.2
20.2
20.2
20.22
20.22
20.22
20.22
20.22
20.22
20.22
20.22
20.22
20.22
20.22
20.22
20.22
20.22
20.22
20.22
20.22
20.22
20.22
20.22
20.22
20.22
20.24
20.24
20.24
20.24
20.24
20.24
20.24
20.24
20.24
20.24
20.24
20.24
20.24
20.24
20.24
20.24
20.24
20.24
20.24
20.24
20.24
20.24
20.24
20.24
20.24
20.24
20.24
20.24
20.24
20.24
20.24
20.24
20.24
20.24
20.24
20.24
20.24
20.24
20.24
20.24
20.24
20.26
20.26
20.26
20.26
20.38
20.38
20.44
20.54
20.54
20.54
20.54
20.54
20.54
20.54
20.54
20.58
20.58
20.62
20.62
20.62
20.62
20.62
20.64
20.64
20.64
20.64
20.64
20.64
20.64
20.64
20.64
20.64
20.64
20.64
20.64
20.64
20.64
20.64
20.64
20.64
20.68
20.68
20.68
20.68
20.68
20.68
20.68
20.72
20.72
20.72
20.72
20.72
20.72
20.72
20.72
20.72
20.74
20.74
20.74
20.74
20.74
20.74
20.74
20.74
20.76
20.78
20.78
20.82
20.82
20.82
20.82
20.82
20.82
20.82
20.82
20.82
20.82
20.82
20.84
20.84
20.84
20.84
20.84
20.84
20.84
20.84
20.84
20.84
20.84
20.84
20.84
20.84
20.84
20.84
20.84
20.9
20.9
20.92
20.92
20.92
20.92
20.92
20.94
20.94
20.94
20.94
20.94
20.94
20.94
20.94
20.94
20.94
20.94
20.94
20.94
20.94
20.94
20.94
20.94
20.94
20.94
20.94
20.94
20.94
20.94
20.94
20.94
20.94
20.94
20.94
20.94
20.94
20.94
20.94
20.94
20.94
20.94
20.94
20.94
20.96
20.96
20.96
20.96
20.96
20.96
20.98
20.98
21.02
21.02
21.06
21.06
21.06
21.08
21.08
21.08
21.08
21.1
21.1
21.1
21.1
21.1
21.1
21.1
21.12
21.12
21.12
21.12
21.12
21.12
21.12
21.12
21.12
21.12
21.12
21.12
21.12
21.12
21.12
21.12
21.12
21.12
21.12
21.12
21.12
21.12
21.14
21.14
21.14
21.14
21.14
21.14
21.14
21.14
21.14
21.14
21.14
21.14
21.14
21.14
21.14
21.14
21.14
21.14
21.14
21.14
21.14
21.14
21.14
21.14
21.14
21.14
21.18
21.18
21.18
21.18
21.18
21.18
21.18
21.18
21.18
21.18
21.18
21.18
21.18
21.18
21.18
21.18
21.18
21.18
21.18
21.18
21.18
21.18
21.18
21.18
21.18
21.18
21.18
21.18
21.18
21.18
21.18
21.18
21.18
21.18
21.18
21.18
21.18
21.18
21.18
21.18
21.18
21.18
21.18
21.18
21.18
21.18
21.18
21.22
21.22
21.24
21.24
21.24
21.24
21.24
21.28
21.28
21.28
21.28
21.28
21.28
21.28
21.28
21.28
21.36
21.36
21.36
21.36
21.36
21.36
21.36
21.36
21.36
21.36
21.36
21.36
21.36
21.4
21.4
21.4
21.4
21.4
21.4
21.4
21.4
21.4
21.4
21.4
21.4
21.4
21.4
21.4
21.4
21.4
21.4
21.4
21.4
21.4
21.4
21.4
21.4
21.4
21.4
21.4
21.4
21.4
21.4
21.4
21.4
21.4
21.4
21.4
21.4
21.4
21.4
21.4
21.4
21.4
21.4
21.4
21.4
21.4
21.4
21.4
21.4
21.48
21.48
21.48
21.48
21.48
21.48
21.48
21.48
21.48
21.48
21.48
21.48
21.48
21.48
21.48
21.48
21.48
21.48
21.48
21.48
21.48
21.5
21.5
21.5
21.54
21.54
21.54
21.66
21.66
21.66
21.66
21.66
21.66
21.66
21.74
21.74
21.74
21.74
21.74
21.74
21.74
21.74
21.74
21.74
21.74
21.74
21.76
21.76
21.76
21.76
21.78
21.78
21.78
21.8
21.82
21.82
21.82
21.82
21.82
21.82
21.82
21.82
21.82
21.82
21.82
21.82
21.82
21.82
21.84
21.84
21.86
21.86
21.86
21.86
21.86
21.86
21.92
21.92
21.92
21.92
21.92
21.92
21.92
21.92
21.94
22.02
22.02
22.02
22.02
22.02
22.02
22.02
22.02
22.02
22.02
22.02
22.02
22.02
22.04
22.04
22.04
22.04
22.04
22.04
22.04
22.04
22.04
22.04
22.04
22.04
22.04
22.04
22.04
22.04
22.04
22.04
22.04
22.04
22.04
22.04
22.04
22.04
22.1
22.1
22.1
22.1
22.1
22.1
22.1
22.1
22.1
22.1
22.1
22.1
22.1
22.1
22.12
22.12
22.14
22.14
22.14
22.14
22.14
22.14
22.14
22.14
22.14
22.14
22.14
22.14
22.14
22.14
22.14
22.14
22.14
22.14
22.14
22.14
22.14
22.14
22.14
22.14
22.14
22.14
22.14
22.14
22.18
22.18
22.18
22.18
22.18
22.18
22.18
22.18
22.18
22.18
22.18
22.24
22.24
22.24
22.28
22.28
22.28
22.28
22.28
22.28
22.28
22.28
22.28
22.28
22.28
22.28
22.28
22.28
22.28
22.28
22.28
22.28
22.32
22.32
22.32
22.32
22.32
22.32
22.32
22.32
22.34
22.34
22.38
22.38
22.38
22.38
22.38
22.38
22.38
22.38
22.38
22.38
22.4
22.4
22.4
22.4
22.4
22.42
22.42
22.42
22.42
22.42
22.42
22.42
22.42
22.42
22.42
22.42
22.42
22.42
22.42
22.42
22.42
22.42
22.42
22.42
22.42
22.42
22.42
22.42
22.42
22.42
22.42
22.42
22.42
22.42
22.42
22.42
22.42
22.42
22.42
22.42
22.42
22.42
22.42
22.42
22.42
22.42
22.42
22.42
22.42
22.42
22.42
22.42
22.42
22.42
22.42
22.42
22.42
22.42
22.42
22.42
22.42
22.42
22.42
22.42
22.42
22.42
22.42
22.42
22.42
22.42
22.42
22.42
22.42
22.42
22.42
22.42
22.42
22.42
22.42
22.42
22.42
22.42
22.42
22.42
22.42
22.42
22.42
22.42
22.42
22.42
22.42
22.42
22.42
22.42
22.42
22.42
22.42
22.42
22.42
22.42
22.42
22.42
22.42
22.42
22.48
22.48
22.48
22.48
22.48
22.48
22.48
22.48
22.48
22.48
22.48
22.48
22.48
22.48
22.48
22.48
22.48
22.48
22.48
22.48
22.48
22.48
22.48
22.48
22.48
22.48
22.48
22.48
22.48
22.48
22.48
22.48
22.48
22.48
22.52
22.52
22.52
22.54
22.54
22.54
22.54
22.54
22.54
22.54
22.54
22.54
22.54
22.54
22.54
22.54
22.54
22.54
22.54
22.54
22.54
22.54
22.54
22.54
22.54
22.54
22.54
22.54
22.54
22.58
22.58
22.58
22.58
22.58
22.58
22.58
22.58
22.58
22.58
22.58
22.58
22.58
22.58
22.58
22.58
22.58
22.58
22.6
22.6
22.6
22.6
22.6
22.6
22.6
22.6
22.6
22.6
22.6
22.6
22.6
22.6
22.6
22.6
22.6
22.6
22.6
22.6
22.6
22.6
22.6
22.6
22.6
22.6
22.6
22.6
22.6
22.6
22.6
22.6
22.6
22.6
22.6
22.6
22.6
22.6
22.6
22.6
22.6
22.6
22.6
22.62
22.62
22.62
22.62
22.62
22.62
22.7
22.7
22.7
22.7
22.7
22.72
22.72
22.72
22.72
22.76
22.82
22.82
22.82
22.82
22.82
22.82
22.82
22.82
22.82
22.82
22.82
22.82
22.82
22.82
22.82
22.82
22.82
22.82
22.82
22.82
22.82
22.82
22.82
22.82
22.82
22.82
22.82
22.82
22.82
22.82
22.82
22.82
22.82
22.82
22.82
22.82
22.82
22.82
22.82
22.82
22.82
22.82
22.82
22.82
22.82
22.82
22.82
22.82
22.82
22.82
22.82
22.82
22.82
22.82
22.82
22.82
22.82
22.82
22.82
22.82
22.82
22.82
22.82
22.82
22.82
22.82
22.82
22.82
22.82
22.82
22.82
22.82
22.82
22.82
22.82
22.82
22.82
22.82
22.82
22.82
22.82
22.82
22.82
22.82
22.82
22.82
22.82
22.82
22.82
22.82
22.82
22.82
22.82
22.82
22.82
22.82
22.82
22.82
22.82
22.82
22.82
22.82
22.82
22.82
22.82
22.82
22.82
22.82
22.82
22.86
22.86
22.86
22.86
22.86
22.86
22.86
22.86
22.86
22.86
22.86
22.86
22.86
22.86
22.86
22.86
22.86
22.86
22.86
22.86
22.86
22.86
22.86
22.86
22.86
22.86
22.86
22.86
22.86
22.92
22.92
22.92
22.92
22.92
22.92
22.92
22.92
22.92
22.92
22.92
22.92
22.92
22.92
22.92
22.92
22.92
22.92
22.92
22.92
22.92
22.92
22.92
22.92
22.92
22.92
22.92
22.92
22.92
22.92
22.92
22.92
22.92
22.92
22.92
22.92
22.92
22.92
22.92
22.92
22.92
22.92
22.92
22.92
22.92
22.92
22.92
22.92
22.92
22.92
22.92
22.92
22.92
22.92
22.92
22.92
22.92
22.92
22.92
22.92
22.92
22.92
22.92
22.92
22.92
22.92
22.92
22.92
22.92
22.92
22.92
22.92
22.92
22.92
22.92
22.92
22.92
22.98
22.98
22.98
22.98
22.98
22.98
22.98
22.98
22.98
22.98
22.98
22.98
22.98
22.98
22.98
22.98
22.98
22.98
22.98
22.98
22.98
22.98
22.98
22.98
22.98
22.98
22.98
22.98
22.98
22.98
22.98
22.98
22.98
22.98
22.98
22.98
22.98
22.98
22.98
22.98
22.98
22.98
22.98
22.98
22.98
22.98
22.98
22.98
22.98
22.98
22.98
22.98
22.98
22.98
22.98
22.98
22.98
22.98
22.98
22.98
22.98
22.98
22.98
22.98
23.0
23.0
23.0
23.0
23.0
23.0
23.0
23.0
23.0
23.0
23.0
23.0
23.0
23.0
23.0
23.0
23.0
23.0
23.0
23.0
23.0
23.0
23.0
23.0
23.0
23.0
23.0
23.0
23.0
23.0
23.0
23.0
23.0
23.0
23.0
23.0
23.0
23.0
23.0
23.0
23.0
23.0
23.0
23.0
23.0
23.0
23.0
23.0
23.0
23.0
23.0
23.0
23.0
23.0
23.0
23.0
23.0
23.0
23.0
23.0
23.0
23.0
23.0
23.0
23.0
23.0
23.0
23.0
23.04
23.04
23.04
23.04
23.04
23.04
23.04
23.04
23.04
23.04
23.04
23.04
23.04
23.04
23.04
23.04
23.04
23.04
23.04
23.04
23.04
23.04
23.04
23.04
23.04
23.04
23.04
23.04
23.04
23.04
23.04
23.04
23.04
23.04
23.04
23.04
23.04
23.04
