13.3
14.3
15.6
18.0
19.5
19.9
20.0
20.8
21.5
21.6
22.0
22.5
23.2
23.9
24.1
24.7
24.9
25.2
25.2
26.0
26.5
26.5
26.7
26.9
26.9
27.1
27.5
27.6
27.6
27.6
27.7
27.7
27.9
28.4
28.4
28.7
28.9
29.2
29.6
29.6
29.6
29.8
29.9
30.1
30.1
30.1
30.6
30.6
30.6
30.6
31.0
31.0
31.0
31.0
31.0
31.1
31.8
31.9
31.9
32.5
32.6
32.6
32.6
32.6
32.6
32.7
32.8
32.8
32.9
32.9
32.9
32.9
32.9
32.9
32.9
32.9
32.9
33.3
33.4
33.4
33.5
33.5
33.5
33.5
33.5
33.5
33.5
33.5
33.5
33.5
33.5
33.7
33.7
33.7
33.9
33.9
33.9
33.9
34.5
34.6
34.6
34.6
34.9
34.9
35.0
35.0
35.0
35.1
35.1
35.1
35.3
35.3
35.3
35.4
35.4
35.5
35.5
35.7
35.7
35.9
35.9
35.9
35.9
35.9
35.9
35.9
35.9
35.9
35.9
35.9
35.9
35.9
35.9
35.9
35.9
36.3
36.3
36.3
36.3
36.3
36.3
36.5
36.6
36.6
37.2
37.2
37.2
37.2
37.2
37.2
37.2
37.2
37.2
37.2
37.2
37.2
37.2
37.3
37.4
37.4
37.4
37.5
37.5
37.5
37.5
37.5
37.5
37.5
37.5
37.5
37.6
37.7
37.7
37.7
37.9
38.0
38.0
38.1
38.1
38.1
38.5
38.5
38.5
38.6
38.6
38.6
38.6
38.6
38.6
38.6
38.6
38.6
38.6
38.6
38.6
38.9
38.9
38.9
38.9
38.9
39.1
39.1
39.1
39.2
39.2
39.2
39.2
39.3
39.3
39.3
39.6
39.6
39.6
39.6
39.6
39.6
39.6
39.6
39.6
39.6
39.6
39.6
39.6
39.6
39.6
39.6
39.6
39.8
39.8
39.8
39.8
39.8
39.9
39.9
39.9
39.9
39.9
40.2
40.2
40.2
40.2
40.3
40.7
40.7
40.8
40.9
40.9
41.0
41.0
41.0
41.0
41.0
41.0
41.0
41.0
41.0
41.1
41.1
41.1
41.2
41.2
41.2
41.2
41.2
41.2
41.2
41.2
41.3
41.3
41.4
41.4
41.4
41.4
41.4
41.4
41.4
41.5
41.5
41.7
41.7
41.7
41.7
41.7
41.7
41.7
41.7
41.7
41.8
41.8
41.8
41.8
41.8
41.8
41.8
42.1
42.1
42.1
42.3
42.3
42.3
42.3
42.3
42.3
42.3
42.3
42.3
42.3
42.3
42.4
42.4
42.4
42.4
42.5
42.5
42.5
42.5
42.5
42.5
42.5
42.5
42.5
42.5
42.5
42.5
42.5
42.6
42.6
42.6
42.6
42.6
42.6
42.7
42.9
42.9
42.9
42.9
42.9
42.9
42.9
42.9
42.9
42.9
42.9
42.9
42.9
42.9
42.9
42.9
42.9
42.9
42.9
42.9
43.0
43.0
43.0
43.0
43.0
43.0
43.0
43.0
43.0
43.0
43.0
43.0
43.0
43.0
43.3
43.3
43.4
43.4
43.4
43.4
43.4
44.0
44.0
44.0
44.0
44.0
44.3
44.3
44.3
44.3
44.3
44.3
44.3
44.3
44.3
44.3
44.3
44.3
44.3
44.3
44.3
44.3
44.3
44.3
44.3
44.3
44.3
44.3
44.3
44.3
44.4
44.4
44.4
44.4
44.4
44.5
44.5
44.5
44.5
44.5
44.5
44.5
44.5
44.5
44.5
44.5
44.5
44.5
44.5
44.5
44.5
44.5
44.6
44.6
44.6
44.6
44.6
44.6
44.6
44.7
44.7
44.8
44.8
44.8
44.8
44.8
44.8
44.8
44.8
44.8
44.8
44.8
45.0
45.0
45.0
45.0
45.3
45.3
45.3
45.3
45.3
45.3
45.3
45.3
45.3
45.6
45.6
45.6
45.6
45.6
45.6
45.7
45.7
45.7
45.7
45.7
45.7
45.7
45.7
45.7
45.7
45.8
45.8
45.8
45.8
45.8
45.8
45.8
45.8
45.9
45.9
45.9
45.9
45.9
46.0
46.0
46.0
46.0
46.2
46.2
46.2
46.2
46.2
46.2
46.2
46.3
46.3
46.3
