12.1
13.9
14.6
16.4
16.4
16.6
17.3
17.6
18.3
19.1
19.2
19.3
19.9
19.8
20.0
20.0
20.2
20.7
20.9
21.0
21.3
21.7
21.8
21.8
21.8
21.8
22.1
22.3
22.7
23.4
23.5
23.6
23.9
23.9
23.9
24.0
24.0
24.0
24.0
24.2
24.3
24.4
24.6
24.6
24.6
24.6
25.0
25.0
25.0
25.2
25.3
25.4
25.4
25.4
25.6
25.6
26.0
26.2
26.3
26.3
26.3
26.3
26.4
26.5
26.5
26.5
26.5
26.5
26.5
26.5
26.6
26.6
27.3
27.4
27.4
27.6
27.6
27.6
27.7
28.0
28.0
28.1
28.2
28.2
28.3
28.3
28.4
28.4
28.4
28.4
28.4
28.4
28.5
28.6
28.6
28.6
28.6
28.6
28.6
28.6
28.6
28.6
28.6
28.6
28.8
28.8
28.8
28.8
28.8
28.8
29.0
29.0
29.0
29.0
29.0
29.0
29.0
29.0
29.0
29.1
29.1
29.1
29.2
29.2
29.2
29.2
29.2
29.2
29.3
29.3
29.4
29.4
29.4
29.4
29.4
29.4
29.4
29.5
29.5
29.5
29.9
30.0
30.0
30.0
30.0
30.0
30.0
30.0
30.2
30.2
30.2
30.3
30.5
30.5
30.5
30.5
30.7
30.7
30.7
31.0
31.0
31.0
31.0
31.0
31.0
31.1
31.1
31.1
31.1
31.1
31.1
31.1
31.1
31.1
31.1
31.2
31.2
31.2
31.2
31.2
31.2
31.2
31.2
31.2
31.3
31.3
31.3
31.3
31.4
31.4
31.4
31.4
31.4
31.5
31.5
31.6
31.6
31.6
31.6
31.6
31.6
31.6
31.6
31.6
31.6
31.6
31.6
31.6
31.7
31.7
31.7
31.7
31.7
31.7
31.8
31.8
31.8
31.8
31.8
31.8
31.8
31.8
31.9
31.9
31.9
31.9
31.9
31.9
31.9
31.9
31.9
31.9
31.9
31.9
31.9
31.9
31.9
31.9
32.2
32.2
32.2
32.2
32.2
32.2
32.2
32.2
32.2
32.3
32.3
32.3
32.3
32.3
32.3
32.5
32.5
32.5
32.5
32.6
32.6
32.6
32.6
32.6
32.6
32.6
32.6
32.6
32.7
32.7
32.7
32.7
32.7
32.7
32.7
32.7
32.7
32.7
32.7
32.7
32.7
32.7
32.7
32.7
32.7
32.7
32.7
32.8
32.8
32.8
32.8
32.8
32.8
32.8
32.8
32.8
32.8
32.8
32.8
32.9
32.9
32.9
32.9
32.9
33.2
33.2
33.3
33.3
33.3
33.4
33.4
33.4
33.5
33.6
33.6
33.6
33.6
33.6
33.7
33.7
33.7
33.7
33.8
34.1
34.1
34.1
34.1
34.1
34.1
34.1
34.1
34.2
34.6
34.6
34.6
34.6
34.6
34.6
34.6
34.6
34.6
34.6
34.6
34.6
34.6
34.6
34.6
34.7
34.7
34.7
34.7
34.7
34.7
34.7
34.7
34.7
34.7
34.7
34.7
34.7
34.8
34.8
34.8
34.8
34.8
34.8
34.8
34.8
34.8
34.8
34.8
34.8
34.8
34.8
34.8
34.9
34.9
34.9
34.9
34.9
34.9
34.9
34.9
34.9
34.9
34.9
34.9
34.9
34.9
34.9
34.9
34.9
34.9
34.9
34.9
35.6
35.6
35.6
35.6
35.8
35.8
35.8
35.8
35.8
35.8
35.8
35.8
35.8
35.8
35.8
35.8
35.8
35.8
35.8
35.8
35.8
35.8
36.0
36.0
36.0
36.0
36.0
36.0
36.0
36.1
36.1
36.1
36.1
36.1
36.1
36.1
36.1
36.1
36.1
36.1
36.1
36.1
36.1
36.1
36.1
36.2
36.2
36.2
36.2
36.2
36.2
36.2
36.2
36.2
36.2
36.2
36.2
36.2
36.2
36.2
36.2
36.2
36.2
36.2
36.2
36.2
36.3
36.3
36.3
36.3
36.3
36.3
36.3
36.3
36.3
36.3
36.3
36.3
36.3
36.3
36.3
36.3
36.3
36.4
36.4
36.5
36.5
36.5
36.5
36.9
36.9
36.9
36.9
36.9
36.9
36.9
36.9
36.9
36.9
36.9
36.9
36.9
36.9
36.9
36.9
36.9
36.9
